0.9675056466020869 -0.47768961142174715
0.2466314535602454 0.25976867878299004
-0.4523035823209788 -0.18639620231566922
-0.03111188584890079 -0.9207416233305433
-0.6058780589723707 -0.38056573575328645
0.6255064030166445 0.6647438334821028
-0.016724762931870973 -0.9119141636058021
-0.8988461939281441 -0.5964702847794413
-0.3022025541244996 -0.16290056975921452
0.289278710693482 0.4877182274560373
-0.4775671108280205 0.8414626997139771
-0.3196908142272433 -0.6464795928747931
-0.865416359967488 0.35573295368955415
0.34965300994756876 -0.46978334348371287
0.08120291189887319 -0.11290401578368925
-0.10200177788645326 0.07052651611952909
0.7295451501407793 0.7017182637690931
0.6575122231770123 0.33370675814410444
-0.4938703384713815 0.7525466671255685
0.796849990569363 -0.7997364168795087
